968506
182468
63294
333574
285
570
10549
285
18247
7698
285
11974
29366
285
47613
18532
3706
285
1996
3706
285
3706
17106
42766
1140
285
1711
285
12260
1426
9409
2851
3991
26800
2566
855
855
1711
3421
56736
570
1140
1426
855
285
285
570
570
285
8553
9979
285
30791
23094
9979
2566
570
285
54740
33643
15111
5132
285
1996
10549
285
1711
285
1711
1140
570
1426
3991
7413
285
570
570
16251
31932
285
285
570
5702
285
1711
3136
855
570
1140
285
285
285
2851
285
1140
6557
4277
285
570
5417
285
285
7698
3136
24234
285
570
1140
855
2566
285
285
285
855
285
1140
570
285
19672
285
6272
285
285
285
570
1996
3991
285
5132
4277
285
285
285
12830
4847
285
1140
285
15396
285
1140
1140
5702
3991
285
285
1711
1426
855
2566
855
285
11689
855
285
285
4277
570
285
1140
1426
285
285
2566
285
285
285
570
855
285
8268
1140
285
285
285
570
285
285
855
285
2851
285
285
285
285
1996
285
855
2281
570
10549
3991
285
570
285
285
1140
1140
570
285
285
570
1996
1711
285
570
2566
285
285
570
285
285
285
855
285
285
1711
855
855
855
285
1426
855
3706
285
570
285
3136
2281
285
3421
855
2281
1426
285
570
570
570
285
285
285
3421
570
285
570
1426
285
285
570
3991
285
3421
285
285
285
285
285
855
285
285
2281
1140
285
285
285
285
570
855
285
285
2281
1711
285
285
285
285
570
570
3136
570
1711
285
570
570
570
285
3706
285
3136
1426
1996
5702
285
1426
3421
1140
570
855
570
285
1140
285
1711
285
285
285
285
1711
855
285
1140
570
285
1140
1140
1711
285
285
1711
3991
285
285
285
1996
570
570
285
570
285
855
285
1140
285
2281
285
570
285
285
570
285
285
1426
855
285
3421
285
570
1426
285
285
855
285
285
285
1140
285
570
285
1140
285
285
570
285
570
1996
285
285
855
285
285
285
570
2566
570
285
855
285
1140
570
285
285
570
285
570
285
285
570
285
570
285
855
3421
285
1711
1140
285
285
1140
3136
1140
1711
570
285
285
570
285
285
1140
2566
285
285
1140
285
285
855
285
285
3136
1140
285
570
285
285
285
285
570
285
285
285
570
1140
285
285
855
285
285
855
285
570
285
570
1140
570
285
570
285
285
285
1996
570
285
570
1140
1711
285
1711
285
285
3706
1426
285
285
285
285
285
285
285
1711
285
855
285
285
570
285
570
570
855
570
285
855
1426
285
570
285
285
855
285
285
285
285
570
570
2851
285
570
285
285
285
285
285
855
570
570
570
285
1140
285
285
855
285
285
285
285
1140
570
570
570
285
2566
1140
285
285
855
285
570
285
570
1996
285
1426
285
570
285
855
285
285
285
285
285
285
285
285
285
285
285
570
285
855
285
285
570
285
1140
855
855
570
285
285
1996
285
4277
570
855
570
285
285
570
285
285
285
285
570
570
285
285
285
285
570
2566
285
570
570
285
570
285
570
570
285
285
285
285
285
285
570
285
570
285
285
285
285
855
285
1426
285
2566
570
285
285
1426
285
285
285
1426
285
855
285
285
285
285
285
855
570
285
285
5987
570
1426
285
570
1996
285
2851
1426
285
570
285
285
285
570
285
3136
855
285
285
855
285
285
285
1426
1140
285
285
285
1711
285
285
285
285
285
1426
570
285
285
285
855
285
1711
285
285
285
1140
570
570
285
285
285
285
570
285
855
285
285
285
285
285
285
285
285
285
285
285
285
285
285
570
285
1426
285
285
285
285
285
570
285
285
285
570
285
855
570
285
285
285
285
285
285
285
285
570
285
285
285
285
285
570
285
285
285
285
285
1140
285
285
285
285
285
285
1711
285
285
285
285
285
570
285
285
855
570
855
285
285
285
285
285
570
570
285
285
285
285
285
285
285
285
285
285
285
285
285
285
285
570
570
285
285
570
285
285
285
285
285
285
285
285
285
285
285
855
285
570
285
285
285
285
285
285
285
285
285
285
285
570
570
570
570
285
285
285
285
285
285
285
285
285
285
285
285
855
285
285
285
285
285
285
570
285
285
285
285
570
570
285
285
570
570
285
285
285
285
285
570
285
285
285
285
285
285
285
285
285
285
570
285
570
285
285
285
285
285
285
285
285
285
285
285
570
285
285
285
285
285
285
285
285
285
285
285
285
570
285
285
285
285
285
285
570
285
285
285
285
285
285
570
285
570
285
285
285
570
285
285
570
285
285
285
285
285
285
285
570
285
570
285
285
285
285
285
285
570
285
285
570
285
285
285
285
570
285
285
285
285
285
285
285
285
285
285
285
285
285
285
285
285
285
285
285
285
1140
285
285
285
285
285
285
285
285
285
285
285
285
285
285
